#%YAML:1.0
camera_name: flir_left
image_width: 640
image_height: 480
camera_matrix:
  rows: 3
  cols: 3
  data: [1052.1184725095534, 0.0, 977.2037293563948, 0.0, 1052.931958840682, 587.796290800785,
    0.0, 0.0, 1.0]
distortion_model: plumb_bob
distortion_coefficients:
  rows: 1
  cols: 5
  data: [-0.34691350253356507, 0.1509556260246806, -0.0003268510583730018, -0.0005414952494795834,
    -0.03501894492737519]
rectification_matrix:
  rows: 3
  cols: 3
  data: [0.9994707160095024, -0.007185898218157129, 0.031727759237784994, 0.006963028310813201,
    0.9999503430256054, 0.0071293561923215076, -0.03177741456121594, -0.0069046614524149825,
    0.9994711209304811]
projection_matrix:
  rows: 3
  cols: 4
  data: [1359.3242252593097, 0.0, 1099.4756126403809, 0.0, 0.0, 1359.3242252593097,
    627.7016000747681, 0.0, 0.0, 0.0, 1.0, 0.0]
