#%YAML:1.0
camera_name: flir_right
image_width: 640
image_height: 480
camera_matrix:
  rows: 3
  cols: 3
  data: [1049.455441866536, 0.0, 963.8757269570812, 0.0, 1050.2006300328555, 588.9179544476276,
    0.0, 0.0, 1.0]
distortion_model: plumb_bob
distortion_coefficients:
  rows: 1
  cols: 5
  data: [-0.33060344412276943, 0.12517547778114196, -0.0003329287046911219, -0.0013465242704796983,
    -0.02390122072496593]
rectification_matrix:
  rows: 3
  cols: 3
  data: [0.9999585389065777, 0.0069491013697395064, -0.005884764904001695, -0.00699022957790295,
    0.999951085052291, -0.006997441903580795, 0.00583585111791729, 0.007038287639679284,
    0.9999582018008707]
projection_matrix:
  rows: 3
  cols: 4
  data: [1359.3242252593097, 0.0, 1099.4756126403809, -100.54928848993423, 0.0, 1359.3242252593097,
    627.7016000747681, 0.0, 0.0, 0.0, 1.0, 0.0]
