#%YAML:1.0
camera_name: flir_right
image_width: 640
image_height: 480
camera_matrix:
  rows: 3
  cols: 3
  data: [366.8839851538612, 0.0, 314.2295583341812, 0.0, 487.3972465041311, 258.2481420423992,
    0.0, 0.0, 1.0]
distortion_model: plumb_bob
distortion_coefficients:
  rows: 1
  cols: 5
  data: [-0.3295653967645079, 0.11736692387567539, 0.0010935597228190939, 0.00020610068314289294,
    -0.019771932281025455]
rectification_matrix:
  rows: 3
  cols: 3
  data: [0.9996021361715269, -0.013569086717796502, -0.024727499812253164, 0.013188248586388378,
    0.9997928894109215, -0.015499947825225414, 0.024932698621362423, 0.015167668542198656,
    0.9995740604729849]
projection_matrix:
  rows: 3
  cols: 4
  data: [564.0612708559929, 0.0, 306.0890579223633, -83.6092896759162, 0.0, 564.0612708559929,
    324.2247772216797, 0.0, 0.0, 0.0, 1.0, 0.0]
