#%YAML:1.0
---
mtx_left:
   rows: 3
   cols: 3
   dt: d
   data: [ 1052.1184725095534, 0., 977.20372935639477, 0.,
       1052.931958840682, 587.79629080078496, 0., 0., 1. ]
dist_left:
   rows: 1
   cols: 5
   dt: d
   data: [ -0.34691350253356507, 0.1509556260246806,
       -0.00032685105837300182, -0.00054149524947958339,
       -0.035018944927375187 ]
mtx_right:
   rows: 3
   cols: 3
   dt: d
   data: [ 1049.4554418665359, 0., 963.87572695708116, 0.,
       1050.2006300328555, 588.91795444762761, 0., 0., 1. ]
dist_right:
   rows: 1
   cols: 5
   dt: d
   data: [ -0.33060344412276943, 0.12517547778114196,
       -0.00033292870469112188, -0.0013465242704796983,
       -0.023901220724965928 ]
R:
   rows: 3
   cols: 3
   dt: d
   data: [ 0.99919515543403148, -0.01421577732346742,
       0.037509372592076234, 0.013684452452156428, 0.99980289797835742,
       0.014384052112075557, -0.037706459900742215,
       -0.013859179960150054, 0.99919274717773343 ]
T:
   rows: 3
   cols: 1
   dt: d
   data: [ -0.07396698869786586, -0.00051402541453158287,
       0.00043529638700725079 ]
E:
   rows: 3
   cols: 3
   dt: d
   data: [ 1.3425285970401318e-05, -0.000428086618485274,
       -0.00051987179197989604, -0.0023540872522391492,
       -0.0010313098839815132, 0.073923606331853187,
       -0.00049858603589520985, -0.073959716925690269,
       -0.0010446642492079447 ]
F:
   rows: 3
   cols: 3
   dt: d
   data: [ -5.9978601519747625e-09, 1.9110356139679328e-07,
       0.00013789317704934826, 1.050962149189537e-06,
       4.6006377381857336e-07, -0.036020033787458043,
       -0.0003793856776119353, 0.034194312250626163, 1. ]