#%YAML:1.0
---
nb_camera: 2
camera_0:
   camera_matrix:
      rows: 3
      cols: 3
      dt: d
      data: [ 1.1270147556998475e+03, 0., 9.3518845506810419e+02, 0.,
          1.1205384002217845e+03, 5.7657969861199456e+02, 0., 0., 1. ]
   distortion_vector:
      rows: 1
      cols: 5
      dt: d
      data: [ -3.3399700060778992e-01, 1.2264171269122831e-01,
          3.7428903540282085e-04, 1.6771322646186404e-04,
          -2.1919621588688834e-02 ]
   distortion_type: 0
   camera_group: 0
   img_width: 1920
   img_height: 1200
   camera_pose_matrix:
      rows: 4
      cols: 4
      dt: d
      data: [ 1., 0., 0., 0., 0., 1., 0., 0., 0., 0., 1., 0., 0., 0., 0.,
          1. ]
camera_1:
   camera_matrix:
      rows: 3
      cols: 3
      dt: d
      data: [ 1.1226466890946217e+03, 0., 9.6294539905405531e+02, 0.,
          1.1131338755577506e+03, 5.7650500491132391e+02, 0., 0., 1. ]
   distortion_vector:
      rows: 1
      cols: 5
      dt: d
      data: [ -3.3215286886096218e-01, 1.2259522575742668e-01,
          7.1705754030297055e-04, -7.0482117930997627e-04,
          -2.2445101934782122e-02 ]
   distortion_type: 0
   camera_group: 0
   img_width: 1920
   img_height: 1200
   camera_pose_matrix:
      rows: 4
      cols: 4
      dt: d
      data: [ 9.9996602935616530e-01, -4.5380853315813681e-03,
          6.8808368087066567e-03, 1.6959593404777195e+01,
          4.5480033831337653e-03, 9.9998864040195179e-01,
          -1.4264404239548230e-03, 1.0331831205257883e-01,
          -6.8742853368019439e-03, 1.4576860359400453e-03,
          9.9997530937145085e-01, 1.7628142135908118e-01, 0., 0., 0., 1. ]