#%YAML:1.0
---
nb_camera: 2
camera_0:
   camera_matrix: 
      rows: 3
      cols: 3
      dt: d
      data: [ 1.0993750353270764e+03, 0., 9.7103068816417010e+02, 0.,
          1.0954443301355871e+03, 5.8464813432817050e+02, 0., 0., 1. ]
   distortion_vector: 
      rows: 1
      cols: 5
      dt: d
      data: [ -3.2657064260466706e-01, 1.1405993397772284e-01,
          8.6039334314957461e-04, -1.3639681778781105e-05,
          -1.8835683040758045e-02 ]
   distortion_type: 0
   camera_group: 0
   img_width: 1920
   img_height: 1080
   camera_pose_matrix: 
      rows: 4
      cols: 4
      dt: d
      data: [ 1., 0., 0., 0., 0., 1., 0., 0., 0., 0., 1., 0., 0., 0., 0.,
          1. ]
camera_1:
   camera_matrix: 
      rows: 3
      cols: 3
      dt: d
      data: [ 1.1006519554615836e+03, 0., 9.4268867500254373e+02, 0.,
          1.0966438046342951e+03, 5.8105831959539819e+02, 0., 0., 1. ]
   distortion_vector: 
      rows: 1
      cols: 5
      dt: d
      data: [ -3.2956539676450791e-01, 1.1736692387567539e-01,
          1.0935597228190939e-03, 2.0610068314289294e-04,
          -1.9771932281025455e-02 ]
   distortion_type: 0
   camera_group: 0
   img_width: 1920
   img_height: 1080
   camera_pose_matrix: 
      rows: 4
      cols: 4
      dt: d
      data: [ 9.9834479620493777e-01, 1.8600926830503905e-02,
          -5.4421258820130693e-02, 1.4808515298595543e+01,
          -2.0229118157711567e-02, 9.9935941244112991e-01,
          -2.9521984077646144e-02, -4.8991292005601955e-01,
          5.3837260973072891e-02, 3.0574013252526861e-02,
          9.9808154929572346e-01, 4.2572247079801379e-01, 0., 0., 0., 1. ]