#%YAML:1.0
camera_name: flir_left
image_width: 640
image_height: 480
camera_matrix:
  rows: 3
  cols: 3
  data: [375.6715852332825, 0.0, 311.7294850227014, 0.0, 448.21536008871385, 230.63187944479785,
    0.0, 0.0, 1.0]
distortion_model: plumb_bob
distortion_coefficients:
  rows: 1
  cols: 5
  data: [-0.3339970006077899, 0.12264171269122831, 0.00037428903540282085, 0.00016771322646186404,
    -0.021919621588688834]
rectification_matrix:
  rows: 3
  cols: 3
  data: [1.0, 0.0, 0.0, 0.0, 1.0, 0.0, 0.0, 0.0, 1.0]
projection_matrix:
  rows: 3
  cols: 4
  data: [375.6715852332825, 0.0, 311.7294850227014, 0.0, 0.0, 448.21536008871385,
    230.63187944479785, 0.0, 0.0, 0.0, 1.0, 0.0]
