#%YAML:1.0
camera_name: flir_left
image_width: 640
image_height: 480
camera_matrix:
  rows: 3
  cols: 3
  data: [366.45834510902546, 0.0, 323.67689605472333, 0.0, 486.8641467269276, 259.84361525696465,
    0.0, 0.0, 1.0]
distortion_model: plumb_bob
distortion_coefficients:
  rows: 1
  cols: 5
  data: [-0.32657064260466706, 0.11405993397772284, 0.0008603933431495746, -1.3639681778781105e-05,
    -0.018835683040758045]
rectification_matrix:
  rows: 3
  cols: 3
  data: [0.9990408950002465, -0.03305145939723687, 0.028720918314348705, 0.032607020401163346,
    0.9993432370984716, 0.015807488292150354, -0.0292245160381623, -0.014855823681679705,
    0.9994624716141544]
projection_matrix:
  rows: 3
  cols: 4
  data: [564.0612708559929, 0.0, 306.0890579223633, 0.0, 0.0, 564.0612708559929, 324.2247772216797,
    0.0, 0.0, 0.0, 1.0, 0.0]
