#%YAML:1.0
camera_name: flir_right
image_width: 640
image_height: 480
camera_matrix:
  rows: 3
  cols: 3
  data: [374.21556303154057, 0.0, 320.9817996846851, 0.0, 445.25355022310026, 230.60200196452956,
    0.0, 0.0, 1.0]
distortion_model: plumb_bob
distortion_coefficients:
  rows: 1
  cols: 5
  data: [-0.3321528688609622, 0.12259522575742668, 0.0007170575403029706, -0.0007048211793099763,
    -0.022445101934782122]
rectification_matrix:
  rows: 3
  cols: 3
  data: [1.0, 0.0, 0.0, 0.0, 1.0, 0.0, 0.0, 0.0, 1.0]
projection_matrix:
  rows: 3
  cols: 4
  data: [376.4114740701267, 1.244072232264749, 318.4014098845472, -64.40042341662476,
    -0.4338638618229995, 444.91955230429306, 231.24534813876932, -0.7937444110630193,
    0.006880836808706657, -0.001426440423954823, 0.9999753093714508, -0.0029282588600342933]
