#%YAML:1.0
camera_name: flir_right
image_width: 640
image_height: 480
camera_matrix:
  rows: 3
  cols: 3
  data: [366.8839851538612, 0.0, 314.2295583341812, 0.0, 487.3972465041311, 258.2481420423992,
    0.0, 0.0, 1.0]
distortion_model: plumb_bob
distortion_coefficients:
  rows: 1
  cols: 5
  data: [-0.3295653967645079, 0.11736692387567539, 0.0010935597228190939, 0.00020610068314289294,
    -0.019771932281025455]
rectification_matrix:
  rows: 3
  cols: 3
  data: [1.0, 0.0, 0.0, 0.0, 1.0, 0.0, 0.0, 0.0, 1.0]
projection_matrix:
  rows: 3
  cols: 4
  data: [349.1759492662472, -16.698419503717034, 333.3787532722599, -53.20884984624856,
    -4.988148458294863, 479.4610283543356, 272.65439558628225, 1.9268612224752866,
    -0.05442125882013069, -0.029521984077646144, 0.9980815492957235, 0.0036652909915732106]
