%YAML:1.0
---
K: !!opencv-matrix
   rows: 3
   cols: 3
   dt: d
   data: [ 1048.7170359664328, 0., 977.89674347531911, 0.,
       1049.7427225864224, 589.20451029314552, 0., 0., 1. ]
d: !!opencv-matrix
   rows: 1
   cols: 5
   dt: d
   data: [ -0.33139394140992978, 0.12619658014468987,
       -0.00034091567145404602, -0.00039206654106808947,
       -0.023811044537729305 ]
