%YAML:1.0
---
K_1: !!opencv-matrix
   rows: 3
   cols: 3
   dt: d
   data: [ 1185.4176958448945, 0., 624.68966389476702, 0.,
       1186.4289472833614, 402.42619270567207, 0., 0., 1. ]
d_1: !!opencv-matrix
   rows: 1
   cols: 5
   dt: d
   data: [ -0.47256815112138234, 0.44758327202328962,
       0.0005120773741665647, -0.00024747491077981856,
       -0.41933849199532452 ]
K_2: !!opencv-matrix
   rows: 3
   cols: 3
   dt: d
   data: [ 1216.1003345045651, 0., 633.78604026932112, 0.,
       1208.1430972968853, 370.43460078693511, 0., 0., 1. ]
d_2: !!opencv-matrix
   rows: 1
   cols: 5
   dt: d
   data: [ -0.45811723635444962, 0.28570688316772841,
       0.0042589033193365456, -3.5052758391299239e-05,
       -0.11218609300474376 ]
Rotation: !!opencv-matrix
   rows: 3
   cols: 3
   dt: d
   data: [ -0.054359213109594462, -0.16508389517654304,
       0.98478037323224799, 0.23302471530142477, 0.95690930580428391,
       0.17327452935689552, -0.97095033756047244, 0.23889723317465161,
       -0.013548209206404982 ]
Translation: !!opencv-matrix
   rows: 3
   cols: 1
   dt: d
   data: [ 1.4239250125319487, 0.1400561765063878, -0.45965228251014129 ]
