#%YAML:1.0
---
image_width: 1280
image_height: 800
K_1:
   rows: 3
   cols: 3
   dt: d
   data: [ 1185.4176958448945, 0., 624.68966389476702, 0.,
       1186.4289472833614, 402.42619270567207, 0., 0., 1. ]
d_1:
   rows: 1
   cols: 5
   dt: d
   data: [ -0.47256815112138234, 0.44758327202328962,
       0.0005120773741665647, -0.00024747491077981856,
       -0.41933849199532452 ]
K_2:
   rows: 3
   cols: 3
   dt: d
   data: [ 1216.1003345045651, 0., 633.78604026932112, 0.,
       1208.1430972968853, 370.43460078693511, 0., 0., 1. ]
d_2:
   rows: 1
   cols: 5
   dt: d
   data: [ -0.45811723635444962, 0.28570688316772841,
       0.0042589033193365456, -3.5052758391299239e-05,
       -0.11218609300474376 ]
Rotation:
   rows: 3
   cols: 3
   dt: d
   data: [ 0.18610420000905092, 0.054384789241011693,
       0.98102371094596996, -0.055733587269176148, 0.99744357996522237,
       -0.044722164932729645, -0.9809480077909839, -0.046352987879659781,
       0.18865949890087119 ]
Translation:
   rows: 3
   cols: 1
   dt: d
   data: [ 0.10937080527068033, -0.0091796683137737797,
       -0.036075927191373168 ]
