#%YAML:1.0
camera_name: left_camera
image_width: 1920
image_height: 1200
camera_matrix:
  rows: 3
  cols: 3
  data: [1048.7170359664328, 0.0, 977.8967434753191, 0.0, 1049.7427225864224, 589.2045102931455,
    0.0, 0.0, 1.0]
distortion_model: plumb_bob
distortion_coefficients:
  rows: 1
  cols: 5
  data: [-0.3313939414099298, 0.12619658014468987, -0.000340915671454046, -0.00039206654106808947,
    -0.023811044537729305]
rectification_matrix:
  rows: 3
  cols: 3
  data: [0.999483458468569, -0.014034527771834565, 0.028911040761791233, 0.013840201582347183,
    0.9998803382908414, 0.00691071049547629, -0.029004569775611985, -0.006507006194395054,
    0.9995580992631284]
projection_matrix:
  rows: 3
  cols: 4
  data: [1094.9364659630037, 0.0, 951.4007720947266, 0.0, 0.0, 1094.9364659630037,
    589.0783767700195, 0.0, 0.0, 0.0, 1.0, 0.0]
