#%YAML:1.0
---
image_width: 1920
image_height: 1200
K_1:
   rows: 3
   cols: 3
   dt: d
   data: [ 1048.7170359664328, 0., 977.89674347531911, 0.,
       1049.7427225864224, 589.20451029314552, 0., 0., 1. ]
d_1:
   rows: 1
   cols: 5
   dt: d
   data: [ -0.33139394140992978, 0.12619658014468987,
       -0.00034091567145404602, -0.00039206654106808947,
       -0.023811044537729305 ]
K_2:
   rows: 3
   cols: 3
   dt: d
   data: [ 1050.099922325187, 0., 964.22786444628821, 0.,
       1050.9159688562611, 589.21174287368251, 0., 0., 1. ]
d_2:
   rows: 1
   cols: 5
   dt: d
   data: [ -0.32869523296371356, 0.12288486659814352,
       -0.00015672888146995464, -0.00093629165904427576,
       -0.022909748180505143 ]
Rotation:
   rows: 3
   cols: 3
   dt: d
   data: [ 0.99920184561324277, -0.014044241215437269,
       0.03739560150300969, 0.013543357669861462, 0.99981560131310954,
       0.01361399404772057, -0.037579904019508781, -0.013096665972215199,
       0.99920780028695566 ]
Translation:
   rows: 3
   cols: 1
   dt: d
   data: [ -0.14475812872962127, 1.4763418076487223e-05,
       0.0012288308164387029 ]
