#%YAML:1.0
camera_name: right_camera
image_width: 1920
image_height: 1200
camera_matrix:
  rows: 3
  cols: 3
  data: [1050.099922325187, 0.0, 964.2278644462882, 0.0, 1050.915968856261, 589.2117428736825,
    0.0, 0.0, 1.0]
distortion_model: plumb_bob
distortion_coefficients:
  rows: 1
  cols: 5
  data: [-0.32869523296371356, 0.12288486659814352, -0.00015672888146995464, -0.0009362916590442758,
    -0.022909748180505143]
rectification_matrix:
  rows: 3
  cols: 3
  data: [0.9999639664144387, -0.00010198312335015462, -0.008488549472427954, 4.502448300484379e-05,
    0.9999774868412168, -0.006709976417248931, 0.008489042672718492, 0.006709352440188109,
    0.9999414586586229]
projection_matrix:
  rows: 3
  cols: 4
  data: [1094.9364659630037, 0.0, 951.4007720947266, -158.50666545412076, 0.0, 1094.9364659630037,
    589.0783767700195, 0.0, 0.0, 0.0, 1.0, 0.0]
